 CLAIM PAID 
775,125.00
13,152.50
3,098.98
1,544.05
8,576.98
58,500.00
8,974.10
12,798.13
61,435.00
5,700.00
4,642.50
6,108.51
120,000.00
350.01
5,000.00
1,500.00
7,737.23
36,000.00
6,427.62
4,131.97
23,359.99
63,020.73
2,340.00
8,450.38
1,730.00
28,655.00
10,182.04
3,658.36
599.98
5,151.00
1,079.10
540.7
3,762.00
8,582.48
25,760.00
1,500.00
1,030.01
1,062.00
1,700.01
150,930.00
2,955.49
15,740.26
9,983.51
30,406.55
9,510.75
4,500.00
2,340.00
81,625.94
187,744.00
13,400.00
650
11,600.02
1,343.98
2,300.00
80,000.00
234,000.00
11,503.15
31,497.47
8,232.94
3,250.00
11,559.95
25,538.64
39,197.77
15,678.40
7,031.00
5,000.00
17,876.52
10,761.48
23,868.37
17,191.69
870.3
1,512.60
4,458.62
6,432.02
1,000.00
6,280.00
90,000.00
4,906.22
1,050.00
5,710.23
15,618.19
5,179.01
1,949.98
13,836.71
811.98
1,449.98
6,300.00
2,450.00
920
5,256.00
760
3,059.43
4,950.97
12,960.96
300
3,200.00
35,900.00
1,900.02
3,124.00
6,150.00
4,828.53
8,043.87
2,617.99
10,375.49
9,903.05
2,407.50
620
540
5,422.55
84,075.00
3,404.66
900
12,507.81
4,872.00
9,311.15
520
46,800.00
2,125.00
2,011.46
7,638.11
700
81,607.50
782
13,075.00
5,560.00
187,200.00
42,833.29
5,000.00
93,600.00
1,170.00
5,924.00
1,260.00
15,252.24
4,684.04
10,827.00
25,903.75
750
15,000.00
850
2,700.00
4,122.50
3,498.60
3,757.51
550
864
1,150.00
40,552.77
1,660.00
1,200.00
28,568.50
585
2,507.50
675
2,807.94
759.97
87,750.00
5,310.00
9,300.14
3,833.13
5,397.00
7,080.50
1,487.50
6,800.00
3,890.00
2,565.59
1,550.00
212.5
1,710.00
2,675.01
11,635.30
1,350.00
3,700.00
100,000.00
4,455.00
540
1,504.50
561
7,839.23
8,125.36
6,250.02
9,090.00
45,000.00
8,330.00
1,237.50
700
70,000.00
2,475.00
3,240.00
4,400.00
2,350.00
1,500.00
20,200.05
1,845.00
80,338.99
1,400.00
3,159.00
950
3,500.00
2,500.00
25,500.00
2,500.00
1,525.32
2,000.00
450
1,500.00
23,643.00
977.5
425
7,425.00
3,150.00
6,052.00
850
1,950.00
3,600.00
8,369.20
1,870.00
330
1,317.50
1,404.00
1,205.40
1,080.00
1,300.00
70,000.00
799.99
1,200.00
8,401.32
9,120.50
3,600.00
2,108.00
6,086.00
3,170.00
2,020.00
1,050.00
3,013.25
750
2,700.00
2,711.50
1,062.50
52,650.00
800
1,000.00
1,105.00
7,889.13
36,000.00
630
3,285.59
1,350.00
1,487.50
1,150.00
34,000.00
11,254.61
7,100.00
3,447.00
9,548.65
595
1,200.00
15,642.89
810
13,550.00
1,620.00
33,074.35
1,000.00
1,000.00
3,515.40
1,750.00
11,050.00
6,000.00
1,953.00
2,790.00
1,044.00
1,280.00
4,473.00
2,340.00
1,200.00
1,850.00
14,200.00
11,160.00
1,190.00
4,632.50
1,000.00
680
1,350.00
840
2,205.00
6,062.94
4,860.00
2,250.00
850
1,150.00
8,555.25
18,586.00
5,598.00
2,700.00
2,133.00
1,900.00
1,600.00
1,422.00
1,080.00
480
3,311.98
3,272.50
1,710.00
1,190.00
1,495.00
26,361.08
12,118.95
1,545.30
1,350.00
850
3,185.00
765
6,610.00
1,960.00
2,713.50
1,440.00
5,000.00
650
2,205.00
6,383.50
30,000.00
5,504.20
950
585
920
7,245.00
1,120.00
1,615.00
1,305.00
45,000.00
4,190.00
3,211.27
425
4,031.94
567
72,000.00
2,000.00
421.11
423
4,365.00
3,290.00
4,440.00
977.5
500
2,048.50
730
405
254
12,950.00
2,679.07
18,000.00
1,450.00
2,380.00
30,000.00
17,010.00
5,643.00
3,331.80
1,350.00
1,100.00
1,050.00
3,915.00
300
1,450.00
4,878.00
4,400.00
782
3,823.25
810
360
3,442.50
6,470.00
2,745.00
2,252.50
2,729.75
1,683.00
2,205.00
5,970.00
25,000.00
1,782.00
2,030.00
8,308.01
17,800.00
495
1,080.00
892.5
3,050.00
1,360.00
981
900
4,275.00
1,720.00
1,620.00
510
3,285.00
1,395.00
2,200.00
3,349.00
900
16,070.00
10,390.00
1,359.00
40,000.00
8,553.07
4,050.00
770
650
360
180
3,100.00
900
4,930.00
4,590.00
350
405
10,000.00
5,130.00
4,570.00
1,759.50
400
250
1,935.00
814.5
1,200.00
40,000.00
5,000.00
500
2,592.50
1,800.00
900
1,250.00
1,085.40
2,592.50
550
270
1,435.00
12,000.00
5,000.00
5,358.00
270
4,500.00
4,930.00
900
2,000.00
3,600.00
940
500
5,000.00
2,322.00
675
2,565.00
700
900
6,204.61
